
//-----------†оличество текстурных полей в секторах-----------------

#Begin_Numpollies

NUMPOLLIES 11
NUMLEVELS 4
#End_Numpollies


//-------------Њараметры координат в пространстве -------------------


#Begin_coordinates
::Level 1
// Floor
-100 -100  0.0 	0.0 0.0
-100  100  0.0 	0.0 1.0
 100  100  0.0 	1.0 1.0
 100 -100  0.0 	1.0 0.0

-300 -100  0.0 	0.0 0.0
-300  100  0.0 	0.0 1.0
-100  100  0.0 	1.0 1.0
-100 -100  0.0 	1.0 0.0

-500 -100  0.0 	0.0 0.0
-500  100  0.0 	0.0 1.0
-300  100  0.0 	1.0 1.0
-300 -100  0.0 	1.0 0.0

 100 -100  0.0 	0.0 0.0
 100  100  0.0 	0.0 1.0
 300  100  0.0 	1.0 1.0
 300 -100  0.0 	1.0 0.0

::Level 2
// Ceiling 1
 3.0  0.0 -3.0 	6.0 6.1
 3.0  0.0  3.0 	6.0 0.0
-3.0  2.0 -3.0 	0.0 6.0
-3.0  1.0  3.0 	0.0 0.0

::Level 3
// Ceiling 1
 3.0  1.0  3.0 	6.0 0.0
-3.0  1.0 -3.0  0.0 6.0
 3.0  1.0 -3.0  6.0 6.0
 3.0  1.0  3.0 	6.1 0.0

// Ceiling 2
 3.0  1.0  3.0 	6.0 0.0
-3.0  1.0 -3.0  0.0 6.0
 3.0  1.0 -3.0  6.0 6.0
 3.0  1.0  3.0 	6.1 0.0

::Level 4
// Ceiling 1
 3.0  1.0  3.0 	6.0 0.0
-3.0  1.0 -3.0  0.0 6.0
 3.0  1.0 -3.0  6.0 6.0
 3.0  1.0  3.0 	6.1 0.0

// Ceiling 2
 3.0  1.0  3.0 	6.0 0.0
-3.0  1.0 -3.0  0.0 6.0
 3.0  1.0 -3.0  6.0 6.0
 3.0  1.0  3.0 	6.1 0.0

// Ceiling 1
 3.0  1.0  3.0 	6.0 0.0
-3.0  1.0 -3.0  0.0 6.0
 3.0  1.0 -3.0  6.0 6.0
 3.0  1.0  3.0 	6.1 0.0

// Ceiling 2
 3.0  1.0  3.0 	6.0 0.0
-3.0  1.0 -3.0  0.0 6.0
 3.0  1.0 -3.0  6.0 6.0
 3.0  1.0  3.0 	6.1 0.0

#End_coordinates